R_matrix:
- - 0.9969727609713785
  - -0.003916949169784125
  - 0.0776528904182443
- - -0.0003430096177704093
  - 0.9984989437472176
  - 0.05476989757241567
- - -0.0777508599663608
  - -0.05463073168915197
  - 0.9954749052234311
T_matrix:
- - -70.95194289538236
- - -58.4030259585111
- - -1057.7909822025024
camera_matrix:
- - 3.7194392005909426e-08
  - 1.1761250231164705e-05
  - -0.0033565587609940403
- - -1.0409210618746381e-05
  - 3.271355934376255e-09
  - 0.0032373371094906508
- - 0.0030979222012268736
  - -0.0069047136388105945
  - 1.0
camera_matrix_L:
- - 3526.094970703125
  - 0.0
  - 349.379243060248
- - 0.0
  - 2827.492431640625
  - 283.74291017438554
- - 0.0
  - 0.0
  - 1.0
camera_matrix_R:
- - 1373.2193603515625
  - 0.0
  - 494.88025270158323
- - 0.0
  - 1245.0152587890625
  - 230.97089981910358
- - 0.0
  - 0.0
  - 1.0
dist_coeff_left:
- - 3.584861454976572
  - -115.58509186740808
  - 0.014058375100720099
  - -0.21180986988137745
  - 1502.9967702691831
dist_coeff_right:
- - -0.09148347399184152
  - 3.990661827069205
  - -0.023928937893261906
  - -0.05654583356668642
  - -21.427014414821297
